V_TF_303_ring.mag = [0.000852297	0.000835785	0.000830708	0.000822869	0.000812939	0.000799842	0.000783187	0.000762905	0.000714914	0.000685976	0.000654991	0.000621474	0.000586941	0.000553215	0.000521562	0.000493399	0.000472161	0.000456458	0.000447724	0.000447343	0.000454995	0.000466996	0.000481953	0.000505784	0.00053252	0.00056018	0.000582381	0.000600305	0.000610748	0.000614175	0.000607932	0.000592177	0.000568026	0.000532414	0.000489559	0.000436216];
V_TF_303_ring.phase = [41.07050331	34.56792526	28.00758262	21.85593467	15.76987603	9.699425067	3.905469639	-2.006959217	-13.88737185	-19.97212035	-26.27348764	-32.89778086	-40.05277218	-47.49036884	-55.65880138	-64.82020849	-74.52217928	-84.30157448	-94.65055247	-104.8631491	-114.696185	-123.8900359	-132.1265245	-140.9320133	-149.3055011	-156.7768889	-163.3299335	-168.9560041	-173.7854085	-178.1300884	178.0379871	174.6168351	171.4240087	168.2068594	165.0313602	161.7103101];

V_TF_303_tip.mag = [0.000456118	0.000453116	0.000452624	0.000452509	0.000447946	0.000441988	0.000435839	0.000427247	0.000392937	0.000373442	0.000352418	0.000331039	0.000309834	0.00028813	0.000268819	0.00025121	0.000236034	0.000225245	0.000220431	0.000221927	0.000227883	0.000236727	0.000248503	0.000264818	0.000282109	0.000298945	0.000314563	0.000326922	0.00033371	0.000335972	0.000332119	0.000322718	0.000308989	0.000288132	0.000261563	0.000229808];
V_TF_303_tip.phase = [38.12247131	32.36080141	25.43484648	19.03266711	12.81517633	7.067347861	1.117951293	-4.55068517	-15.7074148	-21.57228845	-27.99217752	-34.85430107	-41.3556046	-48.75530703	-56.68212405	-65.79892101	-76.1850965	-87.16520261	-98.45803434	-109.9464255	-121.0701797	-131.3505113	-140.1355894	-148.8823845	-156.822566	-163.6941345	-169.4875328	-174.4963061	-178.7830388	177.2875897	174.1058251	171.1873392	168.4124608	165.4833207	162.7173959	159.70156];

V_TF_304_ring.mag = [0.000554842	0.000530123	0.000503203	0.000472726	0.000440836	0.000415324	0.000394696	0.000373481	0.000351089	0.000328517	0.000308316	0.000290785	0.000275469	0.00026594	0.000260203	0.000258111	0.000261508	0.000269609	0.000282071	0.000297029	0.000312391	0.000329417	0.000347486	0.000365167	0.000381221	0.000393983	0.000405295	0.000413868	0.000419579	0.000423352	0.000424818	0.00042384	0.000417947	0.000408299	0.000394767	0.000365288	0.000315425];
V_TF_304_ring.phase = [62.59503074	59.99166484	55.38436363	50.34072114	45.12235156	40.2460203	35.6513777	30.80619581	25.47513193	19.8542615	13.58890647	6.351106508	-2.043676244	-10.6384829	-19.03613077	-28.48110792	-37.93133877	-47.21154425	-55.36953893	-62.91885661	-68.84158476	-74.19680959	-79.024208	-83.25959595	-86.93981105	-90.09248461	-92.58224514	-94.86968047	-96.84238524	-98.38681197	-99.97397342	-101.5751306	-103.1868122	-104.7334202	-106.1880936	-108.6541332	-112.0268747];

V_TF_304_tip.mag = [0.001061461	0.001032161	0.000977225	0.000919772	0.000856728	0.000803262	0.000769959	0.000729786	0.000688491	0.000647842	0.00061078	0.000577364	0.000547917	0.000527627	0.000518085	0.00051447	0.000519443	0.000533867	0.000559741	0.000582638	0.000612964	0.000645375	0.000676366	0.000706374	0.000731877	0.000756685	0.000778118	0.000795489	0.000807623	0.000814128	0.000816237	0.000812042	0.000802446	0.000786048	0.000761818	0.000706719	0.000606792];
V_TF_304_tip.phase = [66.30397196	63.06115217	58.55155706	53.5116897	48.03120936	42.67064116	38.13210497	32.9152746	27.68183191	21.54013372	15.27148896	7.749628562	-0.540640353	-8.948306101	-16.94192861	-26.04083581	-35.00976617	-43.78133638	-51.62738416	-59.22374339	-65.36261224	-70.4857016	-75.36793424	-79.70996541	-83.44684705	-86.7805912	-89.63101677	-92.03397686	-94.13603736	-95.78269365	-97.2522481	-98.78620332	-100.3698177	-102.011877	-103.5441019	-106.1938523	-109.8156516];







